uint16_t Temp18[109] = {650,3400, 600,500, 600,500, 600,500, 600,450, 650,450, 650,450, 650,1450, 600,1500, 600,500, 600,500, 600,500, 600,500, 600,450, 650,450, 600,500, 600,500, 600,500, 600,450, 650,450, 650,450, 650,450, 600,500, 600,500, 600,500, 600,450, 650,450, 650,450, 600,500, 600,500, 600,500, 650,450, 600,500, 600,500, 600,450, 650,450, 650,450, 600,500, 600,500, 600,1500, 600,500, 600,450, 650,450, 650,450, 650,450, 600,500, 600,500, 600,1450, 650,450, 650,1450, 650,450, 600,500, 600,500, 600,3400, 650};  // Protocol=UNKNOWN Data=0x78132C2E
uint16_t Temp19[109] = {600,3450, 600,450, 600,500, 650,450, 650,450, 600,500, 600,500, 600,1500, 600,1450, 600,500, 600,500, 600,500, 600,500, 600,450, 650,450, 600,500, 650,450, 600,500, 600,500, 600,500, 600,500, 600,500, 600,500, 600,500, 600,450, 600,500, 650,450, 600,500, 600,500, 600,500, 600,500, 600,450, 650,450, 600,500, 600,500, 600,500, 600,500, 600,450, 650,450, 600,1500, 600,500, 600,500, 600,500, 600,500, 600,500, 600,450, 650,450, 600,1500, 600,1450, 600,500, 650,1450, 650,1450, 600,1450, 650,3400, 600};  // Protocol=UNKNOWN Data=0xE34DB665
uint16_t Temp20[109] = {600,3500, 550,500, 600,500, 800,300, 550,500, 600,550, 550,550, 550,1500, 600,1500, 600,500, 600,500, 600,500, 600,300, 750,500, 600,500, 600,500, 650,450, 600,450, 600,550, 550,550, 550,550, 550,450, 650,500, 600,400, 700,500, 600,450, 650,450, 600,500, 600,500, 600,500, 600,500, 600,500, 600,500, 600,500, 600,500, 600,450, 650,450, 650,450, 600,500, 600,1500, 600,500, 600,500, 550,550, 550,450, 650,500, 600,500, 600,1500, 600,500, 600,500, 600,450, 600,1500, 650,1450, 650,350, 700,3400, 650};  // Protocol=UNKNOWN Data=0x2D2EAB8C
uint16_t Temp21[109] = {650,3450, 600,450, 600,500, 600,500, 650,450, 600,500, 600,500, 600,1450, 650,1450, 650,450, 600,500, 600,500, 600,500, 600,450, 600,500, 600,500, 650,450, 600,500, 600,500, 600,500, 600,500, 600,500, 600,500, 600,450, 650,450, 600,500, 600,500, 600,500, 600,500, 600,500, 600,450, 650,450, 650,450, 600,500, 600,500, 600,500, 600,500, 600,450, 650,450, 600,1500, 600,500, 600,500, 600,500, 600,500, 600,500, 600,500, 600,1450, 650,450, 600,1500, 600,450, 650,1450, 600,500, 650,1450, 650,3400, 600};  // Protocol=UNKNOWN Data=0x85C03455
uint16_t Temp22[109] = {650,3450, 550,500, 600,450, 700,450, 600,450, 650,500, 600,500, 550,1500, 600,1500, 600,500, 750,350, 600,500, 600,500, 700,350, 600,500, 800,300, 650,400, 650,500, 750,350, 600,500, 550,550, 700,350, 600,450, 750,400, 800,250, 650,500, 600,500, 550,500, 650,450, 600,500, 750,250, 700,450, 650,500, 600,500, 750,350, 600,450, 600,500, 850,250, 600,500, 600,1500, 600,500, 600,500, 800,300, 600,450, 650,450, 600,500, 600,1500, 600,1500, 600,450, 800,300, 650,1450, 650,450, 700,350, 650,3400, 650};  // Protocol=UNKNOWN Data=0x4A340B19
uint16_t Temp23[109] = {650,3450, 550,500, 600,500, 600,500, 800,300, 600,500, 600,500, 600,1500, 550,1550, 550,450, 650,450, 650,500, 600,500, 600,500, 600,500, 600,450, 650,450, 600,500, 600,500, 600,500, 600,500, 600,500, 600,500, 600,500, 550,500, 600,500, 700,400, 650,450, 600,500, 550,550, 550,550, 550,500, 600,500, 600,400, 700,450, 650,500, 600,500, 600,450, 600,500, 600,1500, 600,500, 600,450, 650,500, 550,500, 600,500, 600,550, 550,1500, 600,1500, 600,1500, 550,500, 600,500, 600,1500, 600,1450, 650,3400, 600};  // Protocol=UNKNOWN Data=0x882B46C5
uint16_t Temp24[107] = {600,3450, 600,500, 600,500, 650,450, 550,550, 550,550, 550,500, 600,1500, 600,1500, 600,500, 600,450, 650,500, 700,400, 550,500, 600,500, 600,500, 650,450, 750,350, 600,500, 700,400, 600,500, 550,550, 550,550, 550,550, 700,350, 1850,350, 550,550, 550,550, 550,500, 600,500, 600,500, 600,500, 600,500, 700,350, 650,500, 600,450, 750,350, 600,500, 600,1500, 600,500, 600,500, 600,500, 600,500, 600,500, 550,1550, 600,450, 600,500, 600,450, 800,350, 600,500, 550,1500, 650,450, 600,3450, 600};  // Protocol=UNKNOWN Data=0x7930EDC4
uint16_t Temp25[109] = {600,3450, 600,450, 650,450, 650,350, 750,450, 600,500, 600,500, 600,1500, 550,1500, 600,450, 650,500, 600,500, 600,450, 650,450, 650,450, 650,450, 750,350, 600,400, 700,500, 600,500, 600,450, 650,450, 600,450, 650,550, 550,500, 600,500, 600,500, 600,250, 800,550, 550,500, 600,450, 650,500, 600,500, 600,500, 600,500, 600,500, 600,350, 750,450, 600,500, 600,1500, 600,500, 600,500, 600,500, 550,500, 600,550, 550,1500, 600,500, 600,500, 600,1450, 650,450, 600,500, 650,450, 600,1500, 600,3400, 600};  // Protocol=UNKNOWN Data=0x5D6220F8
uint16_t Temp26[109] = {600,3450, 600,500, 600,350, 750,450, 650,450, 600,400, 700,450, 650,1500, 600,1500, 550,500, 600,500, 600,500, 600,500, 600,500, 600,500, 600,500, 600,450, 600,500, 600,500, 600,500, 600,500, 600,500, 600,500, 600,500, 600,450, 650,450, 600,500, 600,500, 600,500, 600,500, 600,450, 650,450, 600,550, 550,550, 550,500, 600,500, 600,500, 650,400, 600,500, 600,1500, 600,500, 600,500, 600,450, 650,450, 650,500, 600,1500, 550,550, 550,1500, 600,500, 600,500, 600,500, 600,450, 600,500, 600,3450, 600};  // Protocol=UNKNOWN Data=0x94F1F500
uint16_t Temp27[109] = {600,3450, 600,450, 600,450, 650,500, 650,450, 600,450, 650,500, 600,1500, 550,1500, 600,500, 600,450, 650,500, 600,500, 600,450, 650,450, 600,450, 700,450, 600,500, 600,500, 600,400, 650,550, 550,550, 550,500, 600,500, 600,500, 600,450, 650,500, 600,500, 550,500, 600,500, 600,500, 600,500, 600,500, 600,500, 600,450, 650,450, 650,450, 650,400, 650,500, 600,1500, 600,500, 550,550, 550,500, 600,500, 600,500, 600,1500, 600,500, 600,1500, 550,1500, 600,1500, 600,1500, 600,1500, 550,1500, 600,3450, 550};  // Protocol=UNKNOWN Data=0x8D0D7D20
uint16_t Temp28[109] = {600,3450, 600,500, 600,500, 600,450, 650,500, 550,500, 600,500, 600,1500, 600,1500, 600,500, 600,450, 650,500, 550,500, 600,500, 600,500, 600,500, 650,400, 650,500, 550,550, 550,500, 600,550, 550,550, 550,500, 600,500, 600,500, 600,500, 700,400, 600,500, 550,500, 600,500, 600,500, 600,500, 600,450, 650,500, 600,500, 600,450, 650,450, 650,450, 600,500, 600,1500, 600,500, 550,550, 550,450, 650,500, 600,500, 600,1500, 600,1500, 600,500, 600,450, 600,1500, 600,1500, 600,1500, 600,450, 650,3400, 600};  // Protocol=UNKNOWN Data=0xF4B8FC92
uint16_t Temp29[109] = {600,3500, 550,500, 600,400, 750,450, 650,450, 550,550, 550,500, 600,1500, 600,1500, 600,500, 600,500, 600,500, 600,450, 650,450, 600,500, 600,500, 650,450, 600,500, 600,500, 600,450, 600,550, 550,550, 550,600, 650,350, 600,500, 600,500, 750,350, 600,500, 550,500, 600,500, 600,500, 600,500, 600,500, 600,500, 600,500, 600,500, 600,450, 650,450, 600,500, 600,1500, 600,500, 600,500, 600,500, 550,550, 550,550, 550,1500, 600,1500, 600,500, 600,1500, 550,1550, 550,1500, 600,500, 600,1450, 650,3400, 600};  // Protocol=UNKNOWN Data=0x60D818AF
uint16_t Temp30[109] = {600,3450, 600,500, 750,350, 600,450, 650,400, 650,500, 600,500, 600,1500, 600,1500, 550,550, 550,550, 550,500, 600,500, 600,500, 600,500, 600,500, 600,450, 600,500, 600,500, 600,500, 600,500, 600,500, 600,500, 600,500, 600,450, 600,500, 600,500, 650,450, 600,500, 600,450, 650,500, 550,550, 550,550, 550,550, 550,500, 600,500, 600,500, 650,450, 550,550, 550,1500, 600,500, 600,500, 600,500, 600,450, 650,500, 600,1500, 550,1500, 600,1500, 600,500, 600,1500, 550,1550, 550,500, 600,500, 600,3450, 550};  // Protocol=UNKNOWN Data=0x3A80C424

uint16_t Fanoff[109] = {600,3450, 600,450, 600,500, 650,400, 700,450, 600,500, 600,500, 600,1500, 550,1500, 600,500, 600,500, 600,450, 650,400, 700,500, 600,450, 650,450, 650,450, 600,500, 600,500, 600,500, 600,500, 600,500, 600,500, 600,450, 600,500, 600,500, 650,450, 650,450, 600,500, 600,500, 600,500, 600,450, 650,500, 600,450, 650,450, 600,400, 700,500, 600,450, 650,500, 600,450, 650,450, 650,1450, 600,500, 600,500, 600,500, 600,500, 600,450, 600,1500, 600,500, 650,450, 650,350, 700,1500, 600,450, 650,3400, 600};  // Protocol=UNKNOWN Data=0x5D7E3E49
uint16_t Fanlow[109] = {600,3450, 600,450, 650,450, 650,450, 600,500, 600,500, 600,500, 600,1500, 550,1550, 600,450, 650,450, 650,450, 650,450, 650,450, 600,500, 600,500, 600,450, 650,450, 650,450, 600,500, 600,500, 600,500, 600,500, 600,500, 600,450, 650,450, 650,450, 600,500, 600,500, 600,500, 600,500, 600,500, 600,500, 600,450, 650,450, 650,450, 600,500, 550,550, 600,500, 600,1450, 650,450, 650,450, 600,500, 600,500, 600,500, 600,500, 600,450, 650,1450, 650,450, 650,1450, 600,500, 550,550, 600,500, 600,3400, 650};  // Protocol=UNKNOWN Data=0x78132C2E
uint16_t Fanmed[109] = {600,3450, 600,450, 650,450, 650,450, 600,500, 600,500, 600,500, 600,1500, 600,1450, 650,450, 650,450, 600,500, 600,500, 600,500, 650,400, 650,450, 600,500, 600,500, 600,500, 600,500, 650,450, 600,500, 600,500, 600,500, 600,450, 650,450, 650,450, 600,500, 600,500, 600,500, 600,450, 650,450, 650,450, 650,450, 600,500, 600,500, 600,450, 650,450, 650,450, 600,500, 600,1500, 600,500, 600,500, 600,500, 600,500, 600,450, 650,450, 650,1450, 600,500, 600,1450, 650,450, 600,500, 600,1500, 600,3400, 650};  // Protocol=UNKNOWN Data=0xA9902A0F
uint16_t Fanhigh[109] = {600,3450, 600,450, 600,500, 650,400, 700,450, 600,500, 600,500, 600,1500, 550,1500, 600,500, 600,500, 600,450, 650,400, 700,500, 600,450, 650,450, 650,450, 600,500, 600,500, 600,500, 600,500, 600,500, 600,500, 600,450, 600,500, 600,500, 650,450, 650,450, 600,500, 600,500, 600,500, 600,450, 650,500, 600,450, 650,450, 600,400, 700,500, 600,450, 650,500, 600,450, 650,450, 650,1450, 600,500, 600,500, 600,500, 600,500, 600,450, 600,1500, 600,500, 650,450, 650,350, 700,1500, 600,450, 650,3400, 600};  // Protocol=UNKNOWN Data=0x5D7E3E49


uint16_t Acoff[107] = {600,3450, 600,450, 650,450, 650,450, 650,450, 600,500, 600,400, 700,450, 650,500, 550,500, 600,550, 550,500, 600,500, 1750,450, 550,550, 550,450, 650,500, 600,500, 600,500, 600,500, 600,500, 600,500, 600,500, 600,450, 650,450, 600,500, 600,500, 600,500, 600,500, 600,500, 600,450, 650,400, 700,450, 600,500, 750,350, 600,500, 600,500, 600,500, 550,1500, 600,500, 600,500, 600,500, 600,500, 600,500, 600,450, 650,450, 650,1450, 650,450, 600,1500, 550,550, 550,1500, 600,1500, 600,3400, 650};  // Protocol=UNKNOWN Data=0xBC4C0233
uint16_t Acon[107] = {600,3500, 550,500, 600,500, 650,450, 650,450, 600,450, 600,550, 550,1500, 600,1500, 600,500, 600,500, 600,500, 600,500, 600,500, 600,450, 600,450, 700,450, 750,300, 650,500, 600,500, 600,500, 550,550, 550,550, 550,400, 700,500, 600,450, 700,450, 600,500, 550,550, 1650,500, 600,400, 700,500, 600,500, 600,500, 600,450, 650,450, 650,450, 600,500, 600,1500, 600,500, 600,500, 550,550, 550,550, 550,500, 600,500, 600,500, 600,1500, 600,500, 600,1450, 650,450, 650,450, 600,500, 600,3400, 650};  // Protocol=UNKNOWN Data=0x675BCEE0
